50
3
1 2 3
2 3 5
3 5 6
2 3 4
1 2 3
2
4 8
2 6
6 8
5
4 6 9 14 16
4 8 9 13 18
8 11 16 21 24
9 16 20 25 30
16 24 30 34 38
6 11 13 17 19
18 19 30 31 38
14 21 25 26 31
13 17 25 26 34
4
5 23 45 46
25 47 50 63
5 25 35 36
46 63 81 99
23 47 64 68
36 68 83 99
45 50 79 83
7
2 7 8 9 10 11 24
4 9 13 16 17 18 29
3 8 12 13 14 15 26
22 25 26 29 30 32 34
3 8 12 13 14 15 27
6 11 15 18 20 21 32
6 11 15 18 20 21 33
23 24 27 28 31 33 34
1 2 3 4 5 6 22
5 10 14 17 19 20 31
4 9 13 16 17 18 28
5 10 14 17 19 20 30
2 7 8 9 10 11 25
4
9 12 16 21
13 16 21 23
10 14 19 23
3 8 9 10
8 10 16 19
7 9 12 14
3 7 8 13
10
10 13 15 16 20 21 27 29 31 34
9 12 14 15 18 20 24 27 30 33
18 20 22 23 27 29 34 39 41 43
3 6 7 10 14 15 17 20 22 24
21 23 24 27 30 32 37 42 44 45
2 3 6 8 9 13 16 18 20 22
13 16 17 18 23 24 30 33 36 37
7 9 10 13 16 18 21 24 27 30
5 6 7 10 13 14 17 19 22 24
16 20 22 27 30 31 36 38 41 44
4 8 10 13 15 16 18 22 23 27
14 18 19 24 27 29 33 36 39 42
16 18 20 22 24 25 31 36 38 39
2 3 6 9 12 13 16 18 20 23
1 2 5 7 9 10 13 16 18 21
12 16 17 21 24 27 30 31 34 37
10 13 14 18 20 21 24 25 29 32
18 22 24 30 33 34 37 39 43 45
1 2 3 4 7 10 12 14 16 18
2
6 8
2 6
2 4
10
6 9 12 15 16 19 22 25 27 30
15 25 26 30 31 34 35 39 40 42
7 11 15 18 19 22 25 26 29 33
6 12 15 17 20 21 22 25 28 30
9 19 22 24 25 28 31 34 36 40
20 22 28 30 35 36 38 40 43 46
17 18 22 26 29 31 32 35 37 41
14 16 21 24 25 28 30 34 36 40
18 21 25 28 32 34 37 39 40 42
3 6 7 10 12 14 17 18 20 22
10 12 17 20 21 24 27 30 31 36
18 30 33 36 37 40 41 42 46 48
4 9 11 12 13 16 18 21 22 25
3 4 6 7 8 9 12 15 17 18
12 13 20 22 23 25 28 31 32 37
12 22 25 27 28 30 32 37 38 41
17 27 29 31 32 36 37 40 43 46
22 25 30 31 38 40 41 42 46 48
7 15 18 20 22 24 26 28 30 31
10
8 12 13 15 17 21 24 28 29 30
18 23 25 29 31 39 40 44 46 48
4 6 7 8 12 15 18 22 25 28
20 29 32 33 34 43 49 52 53 55
3 6 12 13 18 22 23 27 29 33
9 12 17 22 28 30 31 33 34 41
2 4 8 10 14 17 18 19 20 21
20 28 30 40 42 44 48 54 55 63
17 22 23 27 30 35 37 40 42 44
10 13 16 20 22 25 29 33 37 40
2 3 4 7 9 10 11 15 17 20
21 33 35 39 41 47 52 55 59 63
14 18 22 24 28 31 35 38 40 42
10 15 21 25 31 35 39 42 43 47
11 18 24 29 35 37 40 45 49 52
15 22 28 33 38 40 44 48 52 55
19 27 28 31 33 42 45 48 51 54
17 25 29 37 40 42 46 51 53 59
7 8 15 20 24 27 29 31 33 39
3
1 2 3
3 4 5
3 4 5
1 2 3
2 3 4
5
7 9 11 14 16
1 3 4 5 7
3 5 6 7 9
5 8 11 13 14
7 9 13 14 16
2 5 7 8 9
4 7 9 10 11
4 6 9 11 13
6 7 10 13 14
2
2 4
4 8
2 6
2
22 222
22 222
2 22
7
4 5 6 7 8 9 10
5 6 7 8 9 10 11
2 3 4 5 6 7 8
1 2 3 4 5 6 7
3 4 5 6 7 8 9
1 2 3 4 5 6 7
6 7 8 9 10 11 12
7 8 9 10 11 12 13
4 5 6 7 8 9 10
6 7 8 9 10 11 12
5 6 7 8 9 10 11
7 8 9 10 11 12 13
2 3 4 5 6 7 8
3
3 4 5
2 3 4
2 3 4
1 2 3
3 4 5
8
9 14 18 21 22 28 29 34
9 12 14 15 19 23 26 29
24 26 29 38 39 44 47 52
24 29 34 37 43 48 52 56
13 15 18 23 26 28 29 34
25 29 34 39 41 49 53 56
5 6 9 13 17 20 24 25
5 9 13 15 19 21 22 24
6 12 15 19 21 24 28 29
21 24 28 35 38 39 44 49
20 23 28 34 36 39 44 48
17 19 26 29 35 38 42 43
19 21 22 30 35 36 39 41
22 28 29 36 42 44 47 53
13 15 23 25 30 35 36 37
5
7 11 15 19 20
6 10 15 16 18
8 11 19 20 22
11 12 16 20 21
5 9 11 12 17
4 6 7 11 15
15 17 18 22 26
4 5 6 8 10
10 14 20 21 26
2
22 222
2 22
2 22
7
17 36 40 67 81 89 108
23 30 40 71 93 102 124
7 14 17 38 47 48 68
14 21 30 54 74 79 106
47 60 93 94 118 123 144
10 21 36 55 60 71 89
103 106 108 132 144 150 190
38 54 67 92 94 112 145
68 89 124 145 158 180 190
56 74 81 96 118 125 158
78 79 89 115 123 144 180
7 10 23 38 56 78 103
48 71 102 112 125 144 150
8
16 23 24 29 33 35 41 44
4 8 9 13 15 18 22 25
13 16 20 24 25 29 34 38
7 11 12 15 19 23 26 27
13 15 19 20 25 30 33 37
17 18 23 26 29 33 35 41
20 25 27 33 38 42 44 47
18 25 27 31 37 41 45 47
9 13 15 19 24 27 29 31
11 13 16 19 20 26 30 33
18 22 26 30 34 38 41 45
3 7 8 9 13 17 18 20
8 9 12 16 20 21 24 27
3 4 7 11 13 15 16 18
7 8 11 13 16 19 23 25
3
1 5 6
5 9 14
3 7 8
1 3 5
5 7 9
6
4 5 7 10 12 15
1 4 6 9 12 14
3 5 8 12 15 18
6 8 9 13 15 16
8 15 16 19 26 28
12 15 18 21 23 26
4 7 9 13 18 21
9 12 13 14 16 19
7 12 15 16 23 27
1 3 4 5 7 8
5 10 13 14 21 24
2
4 9
3 6
3 4
4
1 2 3 7
8 9 11 13
1 2 3 8
2 4 5 9
3 5 6 11
7 10 12 13
3 5 6 12
9
17 20 24 28 30 33 35 40 43
25 26 29 31 35 36 38 39 43
19 22 24 25 28 30 32 34 35
2 5 8 11 14 16 19 22 25
12 15 20 23 27 29 32 37 38
14 15 16 18 21 24 27 28 30
16 19 21 22 23 27 29 32 33
5 9 12 14 16 21 24 27 29
9 13 19 21 24 27 30 34 36
4 6 11 12 15 19 22 25 26
6 10 13 16 18 22 25 30 31
8 11 12 13 16 19 20 21 24
5 6 9 10 12 13 15 16 20
11 12 14 16 17 21 23 25 28
15 16 21 25 28 32 34 38 39
8 12 16 17 21 23 28 32 35
22 25 27 30 32 34 37 38 40
10
5 6 7 8 9 10 11 12 13 14
10 11 12 13 14 15 16 17 18 19
8 9 10 11 12 13 14 15 16 17
1 2 3 4 5 6 7 8 9 10
3 4 5 6 7 8 9 10 11 12
6 7 8 9 10 11 12 13 14 15
2 3 4 5 6 7 8 9 10 11
3 4 5 6 7 8 9 10 11 12
7 8 9 10 11 12 13 14 15 16
2 3 4 5 6 7 8 9 10 11
5 6 7 8 9 10 11 12 13 14
9 10 11 12 13 14 15 16 17 18
7 8 9 10 11 12 13 14 15 16
6 7 8 9 10 11 12 13 14 15
9 10 11 12 13 14 15 16 17 18
10 11 12 13 14 15 16 17 18 19
1 2 3 4 5 6 7 8 9 10
4 5 6 7 8 9 10 11 12 13
4 5 6 7 8 9 10 11 12 13
5
10 15 17 24 29
13 22 24 28 35
16 22 29 32 35
12 18 21 26 32
3 5 10 12 13
15 19 24 26 28
5 8 12 19 22
11 12 17 21 24
7 8 15 18 22
4
2 4 5 7
4 6 8 9
5 8 10 12
7 9 11 13
2 4 5 7
5 8 10 11
4 6 8 9
3
4 5 7
2 3 5
3 5 7
2 4 5
5 7 9
4
6 8 12 14
3 5 8 9
5 6 11 13
8 11 12 14
5 6 8 11
9 13 14 17
9 11 14 17
2
2 4
4 5
3 5
7
16 18 20 23 26 29 32
9 12 14 16 19 22 23
11 15 18 20 21 25 26
15 21 24 26 29 31 32
3 4 6 11 12 16 18
1 3 6 9 11 14 15
8 11 12 16 20 23 26
2 4 7 12 15 18 21
6 7 10 12 14 17 20
14 16 17 22 25 28 31
5 6 10 14 18 21 24
11 12 14 19 21 26 29
14 18 21 23 26 28 29
4
1 5 9 13
5 6 7 8
3 7 11 15
13 14 15 16
4 8 12 16
1 2 3 4
9 10 11 12
7
6 7 10 12 13 15 17
9 13 14 17 18 21 23
2 5 6 7 9 11 13
1 3 4 5 6 7 9
3 5 6 7 9 10 13
8 9 12 14 15 17 18
5 7 9 12 14 15 17
7 11 13 15 17 19 21
11 13 15 17 19 21 23
9 10 14 15 17 19 21
4 6 8 9 10 13 14
1 2 4 6 8 9 11
6 9 10 13 15 17 19
3
2 3 4
1 2 3
2 3 4
3 4 5
1 2 3
8
8 11 13 15 17 19 20 21
11 12 15 17 20 22 24 25
11 13 15 18 20 22 24 26
13 15 17 19 21 23 26 27
6 9 10 12 14 15 17 19
10 11 13 15 19 20 22 23
7 9 10 12 15 16 18 20
9 12 14 16 19 20 22 23
9 10 11 14 17 19 20 21
2 3 4 6 8 9 11 13
2 4 5 7 9 10 11 13
13 15 17 20 21 23 25 27
3 6 7 9 10 11 12 15
4 6 7 9 11 12 13 15
5 7 9 10 13 14 15 17
10
5 13 20 26 31 32 33 34 35 55
1 2 3 4 5 6 7 8 9 46
4 12 19 25 26 27 28 29 30 53
8 16 23 29 34 38 41 43 44 61
6 14 21 27 32 36 37 38 39 57
2 10 11 12 13 14 15 16 17 48
3 11 18 19 20 21 22 23 24 51
46 48 50 52 55 57 58 61 63 64
1 2 3 4 5 6 7 8 9 47
47 49 51 53 54 56 59 60 62 64
7 15 22 28 33 37 40 41 42 59
2 10 11 12 13 14 15 16 17 49
6 14 21 27 32 36 37 38 39 56
8 16 23 29 34 38 41 43 44 60
9 17 24 30 35 39 42 44 45 62
4 12 19 25 26 27 28 29 30 52
5 13 20 26 31 32 33 34 35 54
3 11 18 19 20 21 22 23 24 50
7 15 22 28 33 37 40 41 42 58
10
6 8 9 12 14 15 17 19 20 22
12 14 15 17 18 20 22 24 26 27
5 6 8 10 12 14 15 16 17 19
13 14 18 20 22 24 26 27 29 32
4 5 6 8 9 10 12 13 14 17
11 13 14 15 17 19 20 21 24 25
10 12 14 17 19 20 22 24 26 29
9 11 12 14 15 17 19 20 22 23
2 3 5 6 7 8 10 12 13 15
8 10 12 15 17 19 20 22 25 27
3 5 6 8 11 13 14 15 16 17
5 6 8 9 11 12 14 16 18 20
16 17 19 22 24 27 29 31 32 33
15 16 17 20 23 25 26 27 29 31
12 13 16 19 20 21 24 26 27 31
7 9 11 14 15 17 18 21 23 24
7 8 10 12 14 15 17 19 20 22
13 15 16 19 21 22 24 26 27 29
15 17 20 22 23 25 27 29 31 33
9
1 2 4 7 9 11 12 15 18
20 21 23 27 30 31 35 40 42
2 6 10 13 15 17 19 20 21
11 13 19 22 25 26 29 30 31
9 13 14 18 20 22 24 25 26
7 10 13 15 17 19 21 22 25
12 15 21 24 28 30 31 34 35
4 8 13 14 16 19 20 21 23
12 15 16 20 21 25 28 29 30
19 20 21 25 28 30 34 37 39
4 6 8 10 11 13 15 18 20
15 18 22 25 29 31 32 37 40
17 19 20 24 27 29 31 32 35
15 17 19 22 23 26 30 31 34
7 10 15 18 20 22 24 25 27
9 11 17 20 21 23 27 28 30
18 20 25 26 30 34 35 39 42
10
61 62 63 64 65 66 67 68 69 70
51 52 53 54 55 56 57 58 59 60
2 12 22 32 42 52 62 72 82 92
1 2 3 4 5 6 7 8 9 10
10 20 30 40 50 60 70 80 90 100
41 42 43 44 45 46 47 48 49 50
7 17 27 37 47 57 67 77 87 97
31 32 33 34 35 36 37 38 39 40
11 12 13 14 15 16 17 18 19 20
91 92 93 94 95 96 97 98 99 100
1 11 21 31 41 51 61 71 81 91
4 14 24 34 44 54 64 74 84 94
81 82 83 84 85 86 87 88 89 90
21 22 23 24 25 26 27 28 29 30
3 13 23 33 43 53 63 73 83 93
8 18 28 38 48 58 68 78 88 98
71 72 73 74 75 76 77 78 79 80
6 16 26 36 46 56 66 76 86 96
9 19 29 39 49 59 69 79 89 99
7
15 17 21 25 32 35 38
3 6 8 10 11 15 17
6 9 12 15 16 17 18
17 21 26 33 37 38 40
11 16 20 21 29 31 37
15 18 24 29 31 35 37
11 13 21 25 29 32 34
9 15 17 20 25 29 33
7 12 15 18 21 24 26
3 4 7 9 11 15 17
10 12 18 20 21 25 27
4 9 11 12 13 18 21
8 11 15 17 20 21 25
10
10 12 17 18 20 26 28 32 35 38
8 10 12 13 17 21 22 23 24 29
15 19 20 22 26 28 32 35 37 40
14 17 22 24 26 30 37 39 43 45
11 13 18 20 22 29 33 34 39 43
17 22 26 30 32 37 44 45 49 52
4 8 10 11 14 15 17 21 22 25
14 15 18 20 24 27 30 31 32 37
21 23 28 31 35 41 45 48 53 57
4 8 12 14 15 17 19 21 22 24
24 32 38 43 45 50 52 57 60 63
22 24 30 32 37 44 47 51 54 60
17 23 26 29 30 34 37 41 44 46
25 29 33 37 40 46 48 55 56 63
15 21 25 27 28 34 41 44 48 50
21 29 32 34 39 44 45 48 51 55
19 27 28 33 37 41 44 45 47 48
22 30 35 39 43 48 49 53 54 56
12 14 17 18 22 25 26 28 30 33
8
6 8 10 14 17 19 20 24
18 20 21 24 27 30 31 34
11 13 16 17 18 20 23 26
5 8 9 10 11 13 17 20
9 12 13 17 20 24 25 30
1 3 5 6 8 9 12 14
15 17 19 20 23 25 28 29
5 7 9 13 16 17 19 21
14 17 20 22 26 28 29 34
1 3 5 8 11 14 15 18
12 15 17 18 23 26 28 31
8 11 13 14 15 17 18 22
8 9 11 15 18 22 23 27
3 4 7 8 9 12 15 17
3 4 8 11 13 16 17 20
5
1 2 4 5 7
7 9 11 13 15
2 5 7 9 10
5 7 9 11 12
5 9 11 13 15
3 5 7 9 10
7 10 12 15 17
1 3 5 7 8
4 7 9 11 13
6
3 8 13 16 19 20
1 5 10 14 15 16
17 21 29 35 38 43
1 3 7 12 14 17
16 20 29 32 38 43
12 17 21 23 29 32
15 19 24 29 33 38
14 18 26 31 33 38
10 13 18 21 26 29
5 8 12 17 18 21
14 16 21 23 31 35
10
141 173 185 202 251 260 263 295 317 322
46 72 73 106 118 134 152 165 183 185
128 135 152 158 186 212 235 245 253 262
101 130 184 188 209 223 245 266 290 295
65 78 98 118 121 147 158 177 190 202
107 149 187 207 229 246 253 279 296 317
95 108 150 169 192 200 212 234 253 260
136 162 183 190 226 253 260 290 296 304
50 60 73 98 128 150 167 184 187 209
98 112 118 121 161 192 193 209 229 231
84 107 128 144 161 181 186 205 226 251
15 36 50 74 98 104 128 129 136 141
36 52 72 78 107 108 125 130 149 167
99 125 167 175 193 222 235 241 260 263
129 158 165 177 205 234 241 266 279 291
74 82 106 118 144 169 175 188 207 211
24 52 60 82 112 114 135 158 162 173
15 24 46 65 84 95 99 101 107 111
111 167 209 211 231 261 262 291 304 322
7
7 14 21 28 35 42 49
22 23 24 25 26 27 28
6 13 20 27 34 41 48
8 9 10 11 12 13 14
15 16 17 18 19 20 21
36 37 38 39 40 41 42
4 11 18 25 32 39 46
1 8 15 22 29 36 43
2 9 16 23 30 37 44
29 30 31 32 33 34 35
3 10 17 24 31 38 45
43 44 45 46 47 48 49
5 12 19 26 33 40 47
2
4 8
2 4
6 8
4
1 2 3 4
2 3 4 5
3 4 5 6
2 3 4 5
4 5 6 7
3 4 5 6
1 2 3 4
